vars{1} = [18 17 23 19 18 18 18 22 20 20 20 18 18 20 20 32 30 18 22 25 30 26 35 29 24 23 33 27 34 34 35 62 34 33 ];
vars{2} = [5 5 5 5 5 5 5 5 5 5 5 5 5 5 5 5 5 5 5 5 5 5 5 5 5 5 5 5 5 5 5 5 5 5 ];
vars{3} = [5 4 5 5 5 3 5 4 3 5 3 3 5 5 4 5 5 3 2 3 5 5 5 5 4 5 5 4 3 5 5 4 5 5 ];
vars{4} = [1 5 3 2 2 1 3 2 3 3 3 1 3 3 3 4 4 2 3 1 4 3 4 4 4 5 5 4 4 5 4 4 4 5 ];
vars{5} = [2 1 5 3 1 2 2 1 2 4 2 1 5 3 1 2 3 1 2 1 3 4 2 3 3 3 5 4 4 3 4 4 3 3 ];
vars{6} = [5 5 4 4 5 5 3 4 4 4 5 4 4 4 4 4 5 5 5 5 4 5 5 3 5 3 5 5 3 5 4 4 4 4 ];
vars{7} = [5 4 3 3 5 4 4 5 5 4 5 4 4 4 5 5 5 5 5 5 4 5 4 3 5 3 4 5 4 5 4 2 4 3 ];
vars{8} = [8608 259 264 156 157 260 216 165 159 304 313 386 338 100 338 646 204 1136 291 338 111 352 345 275 417 1310 93 253 164 107 200 465 223 286 ];
vars{9} = [87.0 93.0 100.0 53.0 87.0 53.0 53.0 60.0 47.0 100.0 53.0 47.0 47.0 73.0 87.0 93.0 73.0 47.0 73.0 100.0 67.0 53.0 87.0 60.0 100.0 87.0 100.0 80.0 93.0 100.0 87.0 47.0 80.0 100.0 ];
