tct{1} = [(30.833333333333332, 6.0) (335.6, 5.0) (70.5, 4.0) (140.85714285714286, 7.0) (33.285714285714285, 7.0) (272.0, 3.0) (126.8, 5.0) (314.42857142857144, 7.0) (108.0, 7.0) ];
tct{2} = [(55.6, 5.0) (152.6, 5.0) (224.66666666666666, 3.0) (45.2, 5.0) (233.5, 4.0) (49.2, 5.0) (484.5, 4.0) (135.6, 5.0) (185.8, 5.0) (22.2, 5.0) (202.66666666666666, 3.0) (51.0, 4.0) (185.5, 2.0) ];
tct{3} = [(40.333333333333336, 3.0) (303.5, 2.0) (350.0, 2.0) (103.0, 1.0) (437.0, 1.0) (234.0, 3.0) (65.66666666666667, 3.0) (208.0, 1.0) (78.33333333333333, 3.0) (166.0, 2.0) (65.33333333333333, 3.0) ];
tct{4} = [(194.66666666666666, 6.0) (55.333333333333336, 6.0) (60.142857142857146, 7.0) (39.714285714285715, 7.0) (111.28571428571429, 7.0) (34.857142857142854, 7.0) (25.142857142857142, 7.0) (94.14285714285714, 7.0) (166.28571428571428, 7.0) (33.142857142857146, 7.0) (60.142857142857146, 7.0) ];
tct{5} = [(37.0, 4.0) (66.4, 5.0) (128.25, 4.0) (15.0, 5.0) (145.0, 5.0) (104.8, 5.0) (37.25, 4.0) (40.0, 5.0) (619.2, 5.0) (151.0, 2.0) ];
tct{6} = [(49.0, 3.0) (69.0, 3.0) (85.33333333333333, 3.0) (87.33333333333333, 3.0) (33.333333333333336, 3.0) (83.33333333333333, 3.0) (133.0, 3.0) (361.6666666666667, 3.0) (71.66666666666667, 3.0) (48.666666666666664, 3.0) (42.333333333333336, 3.0) (49.0, 3.0) (47.0, 3.0) (65.33333333333333, 3.0) ];
tct{7} = [(43.714285714285715, 7.0) (60.5, 4.0) (51.666666666666664, 3.0) (541.8333333333334, 6.0) (132.57142857142858, 7.0) (29.142857142857142, 7.0) (97.16666666666667, 6.0) (77.42857142857143, 7.0) (29.857142857142858, 7.0) (152.25, 4.0) ];
tct{8} = [(53.4, 5.0) (57.0, 4.0) (96.5, 2.0) (89.0, 5.0) (149.2, 5.0) (17.4, 5.0) (37.0, 5.0) (42.8, 5.0) (15.8, 5.0) (166.0, 2.0) ];
tct{9} = [(85.0, 3.0) (102.66666666666667, 3.0) (98.0, 3.0) (219.0, 1.0) (135.33333333333334, 3.0) (118.33333333333333, 3.0) (1132.0, 1.0) (55.666666666666664, 3.0) ];
tct_sm{1} = [(55.6, 5.0) (30.833333333333332, 6.0) (152.6, 5.0) (40.333333333333336, 3.0) (224.66666666666666, 3.0) (335.6, 5.0) (70.5, 4.0) (45.2, 5.0) (303.5, 2.0) (233.5, 4.0) (140.85714285714286, 7.0) (350.0, 2.0) (49.2, 5.0) (33.285714285714285, 7.0) (484.5, 4.0) (272.0, 3.0) (135.6, 5.0) (103.0, 1.0) (185.8, 5.0) (437.0, 1.0) (126.8, 5.0) (234.0, 3.0) (22.2, 5.0) (202.66666666666666, 3.0) (314.42857142857144, 7.0) (65.66666666666667, 3.0) (51.0, 4.0) (208.0, 1.0) (108.0, 7.0) (78.33333333333333, 3.0) (185.5, 2.0) (166.0, 2.0) (65.33333333333333, 3.0) ];
tct_sm{2} = [(49.0, 3.0) (37.0, 4.0) (69.0, 3.0) (194.66666666666666, 6.0) (66.4, 5.0) (85.33333333333333, 3.0) (87.33333333333333, 3.0) (128.25, 4.0) (15.0, 5.0) (33.333333333333336, 3.0) (55.333333333333336, 6.0) (145.0, 5.0) (83.33333333333333, 3.0) (104.8, 5.0) (60.142857142857146, 7.0) (133.0, 3.0) (37.25, 4.0) (361.6666666666667, 3.0) (40.0, 5.0) (71.66666666666667, 3.0) (39.714285714285715, 7.0) (48.666666666666664, 3.0) (111.28571428571429, 7.0) (34.857142857142854, 7.0) (42.333333333333336, 3.0) (49.0, 3.0) (619.2, 5.0) (25.142857142857142, 7.0) (47.0, 3.0) (94.14285714285714, 7.0) (151.0, 2.0) (166.28571428571428, 7.0) (65.33333333333333, 3.0) (33.142857142857146, 7.0) (60.142857142857146, 7.0) ];
tct_sm{3} = [(85.0, 3.0) (102.66666666666667, 3.0) (43.714285714285715, 7.0) (60.5, 4.0) (53.4, 5.0) (51.666666666666664, 3.0) (98.0, 3.0) (219.0, 1.0) (57.0, 4.0) (541.8333333333334, 6.0) (135.33333333333334, 3.0) (132.57142857142858, 7.0) (96.5, 2.0) (89.0, 5.0) (118.33333333333333, 3.0) (149.2, 5.0) (29.142857142857142, 7.0) (1132.0, 1.0) (97.16666666666667, 6.0) (77.42857142857143, 7.0) (17.4, 5.0) (37.0, 5.0) (29.857142857142858, 7.0) (55.666666666666664, 3.0) (42.8, 5.0) (152.25, 4.0) (15.8, 5.0) (166.0, 2.0) ];
