tct{1} = [(26.0, 7.0) (336.0, 5.0) (70.0, 4.0) (141.0, 7.0) (33.0, 7.0) (272.0, 3.0) (127.0, 5.0) (314.0, 7.0) (108.0, 7.0) ];
tct{2} = [(56.0, 5.0) (153.0, 5.0) (225.0, 3.0) (45.0, 5.0) (234.0, 4.0) (49.0, 5.0) (484.0, 4.0) (136.0, 5.0) (186.0, 5.0) (22.0, 5.0) (203.0, 3.0) (41.0, 5.0) (186.0, 2.0) ];
tct{3} = [(40.0, 3.0) (202.0, 3.0) (350.0, 2.0) (34.0, 3.0) (437.0, 1.0) (234.0, 3.0) (66.0, 3.0) (208.0, 1.0) (78.0, 3.0) (111.0, 3.0) (65.0, 3.0) ];
tct{4} = [(167.0, 7.0) (47.0, 7.0) (60.0, 7.0) (40.0, 7.0) (111.0, 7.0) (35.0, 7.0) (25.0, 7.0) (94.0, 7.0) (166.0, 7.0) (33.0, 7.0) (60.0, 7.0) ];
tct{5} = [(30.0, 5.0) (66.0, 5.0) (128.0, 4.0) (15.0, 5.0) (145.0, 5.0) (105.0, 5.0) (30.0, 5.0) (40.0, 5.0) (619.0, 5.0) (60.0, 5.0) ];
tct{6} = [(49.0, 3.0) (69.0, 3.0) (85.0, 3.0) (87.0, 3.0) (33.0, 3.0) (83.0, 3.0) (133.0, 3.0) (362.0, 3.0) (72.0, 3.0) (49.0, 3.0) (42.0, 3.0) (49.0, 3.0) (47.0, 3.0) (65.0, 3.0) ];
tct{7} = [(44.0, 7.0) (48.0, 5.0) (52.0, 3.0) (542.0, 6.0) (133.0, 7.0) (29.0, 7.0) (97.0, 6.0) (77.0, 7.0) (30.0, 7.0) (87.0, 7.0) ];
tct{8} = [(53.0, 5.0) (46.0, 5.0) (39.0, 5.0) (89.0, 5.0) (149.0, 5.0) (17.0, 5.0) (37.0, 5.0) (43.0, 5.0) (16.0, 5.0) (66.0, 5.0) ];
tct{9} = [(85.0, 3.0) (103.0, 3.0) (98.0, 3.0) (73.0, 3.0) (135.0, 3.0) (118.0, 3.0) (377.0, 3.0) (56.0, 3.0) ];
tct_sm{1} = [(56.0, 5.0) (26.0, 7.0) (153.0, 5.0) (40.0, 3.0) (225.0, 3.0) (336.0, 5.0) (70.0, 4.0) (45.0, 5.0) (202.0, 3.0) (234.0, 4.0) (141.0, 7.0) (350.0, 2.0) (49.0, 5.0) (33.0, 7.0) (484.0, 4.0) (272.0, 3.0) (136.0, 5.0) (34.0, 3.0) (186.0, 5.0) (437.0, 1.0) (127.0, 5.0) (234.0, 3.0) (22.0, 5.0) (203.0, 3.0) (314.0, 7.0) (66.0, 3.0) (41.0, 5.0) (208.0, 1.0) (108.0, 7.0) (78.0, 3.0) (186.0, 2.0) (111.0, 3.0) (65.0, 3.0) ];
tct_sm{2} = [(49.0, 3.0) (30.0, 5.0) (69.0, 3.0) (167.0, 7.0) (66.0, 5.0) (85.0, 3.0) (87.0, 3.0) (128.0, 4.0) (15.0, 5.0) (33.0, 3.0) (47.0, 7.0) (145.0, 5.0) (83.0, 3.0) (105.0, 5.0) (60.0, 7.0) (133.0, 3.0) (30.0, 5.0) (362.0, 3.0) (40.0, 5.0) (72.0, 3.0) (40.0, 7.0) (49.0, 3.0) (111.0, 7.0) (35.0, 7.0) (42.0, 3.0) (49.0, 3.0) (619.0, 5.0) (25.0, 7.0) (47.0, 3.0) (94.0, 7.0) (60.0, 5.0) (166.0, 7.0) (65.0, 3.0) (33.0, 7.0) (60.0, 7.0) ];
tct_sm{3} = [(85.0, 3.0) (103.0, 3.0) (44.0, 7.0) (48.0, 5.0) (53.0, 5.0) (52.0, 3.0) (98.0, 3.0) (73.0, 3.0) (46.0, 5.0) (542.0, 6.0) (135.0, 3.0) (133.0, 7.0) (39.0, 5.0) (89.0, 5.0) (118.0, 3.0) (149.0, 5.0) (29.0, 7.0) (377.0, 3.0) (97.0, 6.0) (77.0, 7.0) (17.0, 5.0) (37.0, 5.0) (30.0, 7.0) (56.0, 3.0) (43.0, 5.0) (87.0, 7.0) (16.0, 5.0) (66.0, 5.0) ];
