tct{1} = [26 239 40 140 33 116 90 314 108 ];
tct{2} = [55 152 134 45 186 49 387 135 185 22 121 40 74 ];
tct{3} = [40 202 233 34 145 234 65 69 78 110 65 ];
tct{4} = [166 47 60 39 111 34 25 94 166 33 60 ];
tct{5} = [29 66 102 15 145 104 29 40 619 60 ];
tct{6} = [49 69 85 87 33 83 133 361 71 48 42 49 47 65 ];
tct{7} = [43 34 22 464 132 29 83 77 29 87 ];
tct{8} = [53 45 38 89 149 17 37 42 15 66 ];
tct{9} = [85 102 98 73 135 118 377 55 ];
tct_sm{1} = [55 26 152 40 134 239 40 45 202 186 140 233 49 33 387 116 135 34 185 145 90 234 22 121 314 65 40 69 108 78 74 110 65 ];
tct_sm{2} = [49 29 69 166 66 85 87 102 15 33 47 145 83 104 60 133 29 361 40 71 39 48 111 34 42 49 619 25 47 94 60 166 65 33 60 ];
tct_sm{3} = [85 102 43 34 53 22 98 73 45 464 135 132 38 89 118 149 29 377 83 77 17 37 29 55 42 87 15 66 ];
accept{1} = [86.0 71.0 57.0 100.0 100.0 43.0 71.0 100.0 100.0 ];
accept{2} = [100.0 100.0 60.0 100.0 80.0 100.0 80.0 100.0 100.0 100.0 60.0 80.0 40.0 ];
accept{3} = [100.0 67.0 67.0 33.0 33.0 100.0 100.0 33.0 100.0 67.0 100.0 ];
accept{4} = [86.0 86.0 100.0 100.0 100.0 100.0 100.0 100.0 100.0 100.0 100.0 ];
accept{5} = [80.0 100.0 80.0 100.0 100.0 100.0 80.0 100.0 100.0 40.0 ];
accept{6} = [100.0 100.0 100.0 100.0 100.0 100.0 100.0 100.0 100.0 100.0 100.0 100.0 100.0 100.0 ];
accept{7} = [100.0 57.0 43.0 86.0 100.0 100.0 86.0 100.0 100.0 57.0 ];
accept{8} = [100.0 80.0 40.0 100.0 100.0 100.0 100.0 100.0 100.0 40.0 ];
accept{9} = [100.0 100.0 100.0 33.0 100.0 100.0 33.0 100.0 ];
