similarity = [ 
0.109922178988
0.0379310344828
0.0619469026549
0.0711911654337
0.0983606557377
0.0445859872611
0.122112211221
0.00492914356131
0.106703146375
0.149513029745
0.0
0.0
0.00702576112412
0.0
0.0
0.0864864864865
0.0230862697448
0.00440528634361
0.0545454545455
0.0173329742698
0.0216748768473
0.04
0.070938215103
0.0444546287809
0.0135458167331
0.0542907180385
0.103159252095
0.0263157894737
0.0374493927126
0.0542635658915
0.0
0.0594059405941
0.015625
0.0368098159509
0.0
0.100869565217
0.0332749562172
0.0838323353293
0.0862068965517
0.0235294117647
0.174566473988
0.00663349917081
0.0752688172043
0.0
0.0368098159509
0.070938215103
0.0
0.0
0.0188679245283
0.0322580645161
0.0446631339894
0.0
0.051724137931
0.039603960396
0.0869565217391
0.0272373540856
0.0374493927126
0.00931677018634
0.0
0.0
0.25
0.192473990001
0.0224719101124
0.0322580645161
0.137614678899
0.0253164556962
0.362104610296
0.0161290322581
0.0163081681428
0.0
0.0
0.0234427327528
0.071129707113
0.0523560209424
0.0641658440276
0.00606290261463
0.062479338843
0.0120481927711
0.0077519379845
0.0
0.037037037037
0.05
0.0526315789474
0.0
0.00841750841751
0.000305077358902
0.0611924806827
]; 
